3 (2839)
5 (2971)
7 (3076)
9 (2874)
11 (2129)
15 (2026)
17 (2500)
21 (2225)
25 (2860)
27 (2205)
29 (3181)
31 (2526)
34 (3040)
36 (3099)
38 (2196)
40 (3170)
42 (2714)
44 (2612)
46 (2556)
48 (3013)
52 (3185)
54 (2216)
56 (3021)
58 (3195)
60 (3149)
62 (3060)
64 (2631)
66 (3021)
70 (2007)
72 (2345)
74 (2407)
17 56 (2362)
40 74 (2381)
27 36 (2159)
48 62 (2877)
34 58 (3039)
38 52 (2189)
3 5 (2639)
29 34 (3036)
31 64 (2197)
3 7 (2765)
17 58 (2499)
3 9 (2571)
25 40 (2834)
5 7 (2859)
21 48 (2097)
52 58 (3184)
42 48 (2564)
5 9 (2683)
36 56 (2924)
54 56 (2123)
56 72 (2201)
42 72 (2193)
44 46 (2114)
3 17 (2272)
17 60 (2457)
46 66 (2425)
7 9 (2755)
29 70 (2007)
29 36 (3084)
34 60 (2995)
58 70 (2006)
25 42 (2416)
31 66 (2424)
7 11 (2050)
31 34 (2395)
3 25 (2520)
5 17 (2275)
17 62 (2368)
48 64 (2478)
3 29 (2839)
27 40 (2179)
62 66 (2892)
40 52 (3159)
3 31 (2360)
5 21 (2089)
36 58 (3098)
3 34 (2706)
29 72 (2345)
21 52 (2215)
7 17 (2422)
25 44 (2352)
29 38 (2181)
3 36 (2746)
5 25 (2649)
34 62 (2913)
44 48 (2439)
31 36 (2441)
52 60 (3138)
3 40 (2813)
3 42 (2411)
54 58 (2215)
38 56 (2101)
7 21 (2163)
56 74 (2340)
3 44 (2268)
5 29 (2964)
9 17 (2280)
17 66 (2349)
3 46 (2251)
5 31 (2367)
3 48 (2672)
25 46 (2300)
29 74 (2392)
29 40 (3155)
40 54 (2190)
7 25 (2743)
36 60 (3052)
5 34 (2889)
48 66 (2873)
58 72 (2345)
3 52 (2830)
5 36 (2874)
7 27 (2134)
34 64 (2531)
3 56 (2704)
21 56 (2081)
42 52 (2708)
5 38 (2139)
3 58 (2839)
7 29 (3069)
3 60 (2805)
5 40 (2950)
25 48 (2749)
3 62 (2724)
38 58 (2195)
46 48 (2404)
7 31 (2435)
5 42 (2562)
64 66 (2497)
3 64 (2353)
9 25 (2543)
29 42 (2702)
52 62 (3049)
3 66 (2703)
5 44 (2461)
34 36 (2943)
21 58 (2224)
7 34 (2930)
5 46 (2385)
36 62 (2963)
54 60 (2169)
31 40 (2513)
40 56 (2996)
56 58 (3020)
3 72 (2175)
5 48 (2788)
7 36 (2979)
34 66 (2886)
3 74 (2050)
9 29 (2866)
44 74 (2026)
7 38 (2124)
5 52 (2960)
21 60 (2182)
9 31 (2269)
29 44 (2597)
7 40 (3050)
58 74 (2406)
5 54 (2066)
38 60 (2159)
44 52 (2601)
34 38 (2105)
5 56 (2803)
7 42 (2603)
27 48 (2123)
9 34 (2753)
31 42 (2258)
5 58 (2970)
25 52 (2850)
36 64 (2551)
60 72 (2345)
7 44 (2500)
11 29 (2114)
21 62 (2095)
5 60 (2924)
9 36 (2777)
40 58 (3169)
52 64 (2630)
7 46 (2436)
5 62 (2859)
29 46 (2541)
5 64 (2489)
9 38 (2017)
7 48 (2893)
54 62 (2133)
5 66 (2832)
42 56 (2570)
56 60 (2974)
25 54 (2003)
38 62 (2150)
9 40 (2852)
34 40 (3017)
31 44 (2078)
36 38 (2105)
11 34 (2005)
7 52 (3065)
9 42 (2446)
36 66 (2924)
5 72 (2204)
7 54 (2131)
46 52 (2545)
11 36 (2032)
29 48 (2998)
21 66 (2093)
5 74 (2240)
9 44 (2353)
40 60 (3124)
7 56 (2919)
25 56 (2697)
27 52 (2194)
17 25 (2192)
9 46 (2266)
7 58 (3075)
52 66 (3010)
60 74 (2360)
15 29 (2014)
31 46 (2026)
34 42 (2602)
7 60 (3031)
42 58 (2713)
9 48 (2691)
11 40 (2103)
36 40 (3073)
62 72 (2246)
7 62 (2940)
48 72 (2231)
34 72 (2265)
25 58 (2859)
44 56 (2471)
56 62 (2923)
7 64 (2518)
58 60 (3148)
9 52 (2866)
40 62 (3045)
7 66 (2906)
17 29 (2486)
31 48 (2359)
48 52 (3002)
9 54 (2007)
34 44 (2480)
25 60 (2832)
38 66 (2071)
29 52 (3170)
36 42 (2626)
9 56 (2752)
27 56 (2082)
38 40 (2196)
42 60 (2688)
34 74 (2290)
7 72 (2246)
9 58 (2873)
7 74 (2321)
48 74 (2234)
44 58 (2611)
9 60 (2835)
54 66 (2041)
25 62 (2738)
40 64 (2630)
34 46 (2429)
29 54 (2201)
27 58 (2204)
62 74 (2341)
9 62 (2750)
17 34 (2376)
46 56 (2405)
56 64 (2498)
11 52 (2118)
36 44 (2525)
58 62 (3060)
48 54 (2064)
64 72 (2133)
9 64 (2365)
36 72 (2253)
15 40 (2000)
21 29 (2210)
42 62 (2598)
25 64 (2326)
17 36 (2404)
9 66 (2715)
31 52 (2515)
11 56 (2037)
27 60 (2170)
29 56 (3006)
52 70 (2001)
34 48 (2857)
44 60 (2565)
40 66 (2997)
11 58 (2128)
36 46 (2473)
25 66 (2715)
46 58 (2555)
36 74 (2318)
9 72 (2085)
11 60 (2089)
17 40 (2474)
40 42 (2697)
27 62 (2088)
48 56 (2838)
29 58 (3180)
42 64 (2464)
56 66 (2846)
9 74 (2186)
11 62 (2026)
58 64 (2630)
21 34 (2113)
60 62 (3014)
17 42 (2114)
25 29 (2848)
44 62 (2522)
36 48 (2987)
66 72 (2345)
52 72 (2345)
31 56 (2371)
29 60 (3136)
21 36 (2171)
46 60 (2517)
40 44 (2586)
34 52 (3031)
25 31 (2227)
42 66 (2612)
27 29 (2198)
48 58 (3012)
15 52 (2015)
27 66 (2072)
40 70 (2007)
31 58 (2526)
29 62 (3045)
52 54 (2205)
25 72 (2096)
44 64 (2211)
58 66 (3020)
17 48 (2339)
38 48 (2027)
60 64 (2584)
34 54 (2111)
21 40 (2199)
52 74 (2396)
40 46 (2532)
25 34 (2712)
42 44 (2250)
46 62 (2449)
29 64 (2616)
25 74 (2165)
31 60 (2509)
66 74 (2232)
36 52 (3088)
48 60 (2986)
15 58 (2025)
40 72 (2335)
17 52 (2489)
29 31 (2517)
25 36 (2794)
44 66 (2454)
34 56 (2884)
52 56 (3016)
15 60 (2015)
27 34 (2070)
40 48 (2987)
29 66 (3013)
31 62 (2409)
42 46 (2220)
46 64 (2145)
36 54 (2143)
60 66 (3021)
62 64 (2524)
