0 (594)
1 (1535)
2 (673)
3 (531)
4 (1394)
5 (1094)
6 (2149)
7 (997)
8 (3090)
10 (1351)
11 (525)
12 (3415)
17 (1683)
18 (813)
21 (2666)
25 (1395)
26 (527)
27 (2165)
28 (1454)
31 (1666)
32 (4248)
33 (1460)
35 (1984)
36 (528)
37 (1249)
38 (2402)
39 (4258)
41 (1353)
43 (1721)
44 (903)
45 (1728)
46 (543)
48 (2472)
51 (1612)
52 (1983)
53 (535)
54 (2595)
55 (1959)
57 (2743)
58 (1330)
66 (888)
68 (1601)
69 (2370)
70 (2411)
71 (3507)
72 (2852)
73 (2179)
75 (3151)
78 (2471)
80 (826)
82 (674)
85 (1555)
90 (1875)
93 (2777)
94 (1201)
95 (841)
96 (975)
97 (1466)
100 (1749)
104 (1158)
105 (1100)
108 (940)
110 (1801)
111 (1171)
112 (2680)
114 (816)
115 (1775)
116 (2193)
117 (731)
118 (916)
120 (4973)
122 (1081)
125 (1287)
126 (1075)
128 (525)
129 (1547)
130 (1711)
132 (2641)
136 (707)
139 (671)
140 (2687)
143 (1417)
144 (505)
145 (4559)
147 (1383)
151 (2611)
154 (1447)
155 (697)
156 (572)
157 (1140)
158 (884)
159 (542)
160 (987)
161 (2320)
162 (1450)
163 (1256)
164 (744)
167 (625)
168 (1538)
170 (1203)
171 (1097)
172 (663)
173 (1080)
174 (579)
175 (2791)
176 (582)
177 (4629)
178 (654)
181 (1235)
183 (3883)
185 (1529)
187 (759)
188 (650)
190 (531)
192 (2004)
193 (925)
194 (517)
196 (2096)
197 (1230)
198 (1461)
201 (1029)
203 (861)
204 (2174)
205 (3605)
207 (1214)
208 (1483)
210 (2009)
212 (778)
213 (522)
214 (1893)
215 (781)
216 (525)
217 (5375)
220 (717)
224 (919)
226 (658)
227 (1818)
229 (2281)
234 (1416)
236 (2618)
239 (2742)
240 (1399)
241 (784)
242 (2325)
249 (615)
252 (781)
256 (785)
258 (1036)
259 (1522)
262 (660)
263 (654)
265 (1359)
266 (1022)
268 (885)
272 (659)
274 (2628)
275 (1692)
276 (2479)
277 (982)
278 (657)
279 (3014)
280 (2108)
283 (4082)
285 (2600)
290 (1793)
294 (1445)
295 (712)
296 (2210)
298 (778)
299 (522)
300 (582)
304 (805)
307 (702)
308 (1402)
309 (1262)
310 (1390)
314 (846)
315 (533)
316 (578)
318 (812)
319 (1371)
320 (540)
321 (676)
322 (1154)
325 (1022)
326 (1488)
327 (662)
328 (663)
329 (964)
332 (1861)
334 (2146)
335 (1345)
336 (1071)
339 (695)
343 (1599)
345 (801)
346 (3470)
347 (885)
348 (1226)
349 (2041)
350 (3069)
351 (1641)
352 (902)
354 (5835)
355 (958)
357 (1142)
361 (1104)
362 (4388)
364 (567)
366 (1031)
368 (7828)
369 (592)
373 (2007)
377 (1149)
378 (1149)
381 (2959)
383 (668)
385 (1676)
387 (2089)
388 (938)
390 (2685)
392 (2420)
394 (1145)
395 (990)
401 (3667)
403 (1722)
405 (1525)
406 (785)
407 (634)
408 (607)
409 (651)
411 (2047)
412 (517)
413 (2637)
414 (1160)
415 (877)
417 (971)
419 (5057)
421 (656)
422 (1255)
423 (1412)
424 (1448)
427 (1856)
428 (1021)
429 (1037)
430 (580)
432 (985)
436 (589)
438 (4511)
440 (1943)
447 (863)
448 (1370)
449 (1890)
450 (2082)
456 (804)
458 (1124)
460 (4438)
461 (1498)
464 (848)
467 (742)
468 (1089)
469 (1502)
470 (4137)
471 (2894)
472 (2125)
474 (815)
475 (663)
477 (2462)
478 (522)
480 (2309)
481 (888)
484 (971)
486 (1547)
487 (3135)
489 (3420)
490 (1066)
492 (665)
493 (583)
494 (5102)
496 (1428)
499 (743)
500 (1444)
504 (1296)
505 (791)
507 (950)
509 (3044)
510 (3281)
511 (1015)
512 (611)
513 (1287)
515 (1166)
516 (1544)
517 (1201)
518 (759)
521 (1582)
522 (2725)
523 (2244)
525 (609)
526 (2793)
527 (1185)
528 (576)
529 (7057)
530 (1263)
533 (772)
534 (1531)
538 (3982)
540 (1293)
541 (3735)
544 (773)
546 (1050)
548 (2843)
550 (1203)
554 (1114)
557 (587)
558 (957)
561 (2783)
563 (1065)
565 (640)
567 (1102)
568 (956)
569 (2835)
571 (2902)
572 (1589)
573 (1229)
574 (1297)
576 (1337)
577 (1695)
578 (1290)
579 (2164)
580 (1667)
581 (2943)
583 (1389)
585 (856)
590 (814)
591 (1241)
593 (2601)
594 (1516)
595 (797)
597 (2883)
598 (3219)
600 (1192)
605 (1652)
606 (2668)
608 (999)
611 (1444)
614 (3134)
616 (568)
617 (2614)
618 (1337)
620 (2100)
622 (826)
623 (1845)
624 (915)
626 (874)
628 (1102)
629 (893)
630 (1523)
631 (2793)
632 (1070)
633 (780)
634 (2492)
638 (2288)
639 (1572)
640 (932)
641 (1494)
642 (830)
645 (581)
647 (551)
648 (653)
649 (1292)
651 (1288)
653 (2634)
657 (506)
658 (1881)
659 (835)
660 (610)
661 (2693)
663 (2354)
665 (1297)
672 (743)
673 (1635)
674 (2527)
675 (2976)
676 (2717)
678 (1329)
682 (4132)
684 (5408)
686 (1495)
687 (1762)
688 (1132)
689 (817)
690 (778)
692 (4993)
694 (2847)
701 (1283)
703 (546)
704 (1794)
705 (888)
706 (1923)
707 (1354)
708 (1090)
709 (672)
710 (1044)
711 (714)
712 (845)
713 (716)
716 (1199)
718 (1238)
719 (663)
720 (3864)
722 (5845)
723 (829)
730 (602)
731 (560)
732 (799)
733 (1141)
735 (1689)
736 (1470)
738 (2129)
740 (1632)
742 (953)
744 (2177)
745 (909)
746 (1982)
749 (1330)
752 (2578)
753 (578)
758 (2860)
759 (788)
760 (698)
762 (792)
763 (1862)
765 (1705)
766 (6265)
769 (1622)
771 (505)
774 (2046)
775 (3771)
778 (2514)
780 (2306)
782 (2767)
784 (1257)
785 (947)
788 (2386)
789 (4309)
790 (1094)
792 (1306)
793 (3063)
794 (624)
795 (3361)
797 (2684)
798 (3103)
800 (1916)
801 (835)
803 (2237)
804 (1315)
805 (1789)
809 (2163)
810 (1267)
812 (1518)
814 (1672)
815 (1358)
819 (1257)
820 (1473)
823 (1031)
824 (565)
825 (3085)
826 (2022)
828 (542)
829 (6810)
830 (841)
831 (852)
832 (2062)
833 (629)
834 (1373)
835 (732)
837 (619)
838 (953)
839 (854)
841 (1927)
842 (752)
843 (1222)
844 (2814)
845 (585)
846 (1480)
851 (577)
852 (538)
853 (1804)
854 (2847)
855 (939)
857 (1588)
858 (866)
859 (1242)
860 (1255)
862 (3649)
867 (1530)
868 (510)
871 (2810)
874 (2237)
878 (2047)
879 (865)
883 (4902)
884 (1645)
885 (3043)
886 (3053)
887 (1671)
888 (3686)
890 (1437)
893 (1947)
895 (3385)
897 (1935)
899 (1252)
900 (1165)
903 (711)
905 (640)
906 (1444)
909 (525)
910 (1695)
911 (586)
912 (1009)
913 (1939)
914 (4037)
918 (3012)
919 (3710)
921 (2425)
922 (990)
923 (1753)
925 (652)
926 (672)
928 (1034)
932 (1786)
933 (523)
934 (510)
935 (1742)
937 (4681)
938 (766)
940 (536)
941 (1126)
943 (821)
944 (2794)
945 (536)
946 (1350)
947 (3690)
948 (1149)
949 (1414)
950 (1463)
952 (1574)
953 (525)
956 (3626)
960 (2732)
963 (1327)
964 (1518)
966 (3921)
967 (1695)
969 (849)
970 (2086)
973 (512)
975 (1764)
978 (1141)
980 (899)
981 (1542)
982 (1640)
984 (1756)
988 (1164)
989 (1289)
991 (1268)
992 (1116)
995 (1521)
998 (2713)
6 32 (607)
684 765 (812)
684 766 (613)
461 569 (500)
21 57 (661)
12 120 (503)
27 58 (537)
12 132 (785)
4 373 (572)
385 684 (639)
12 227 (657)
6 472 (635)
4 716 (576)
21 205 (620)
6 676 (769)
12 390 (687)
354 752 (548)
39 145 (734)
373 716 (585)
494 541 (694)
692 766 (535)
33 217 (852)
593 895 (631)
21 362 (523)
534 995 (750)
623 853 (791)
285 947 (677)
21 413 (756)
12 722 (740)
32 285 (687)
33 283 (845)
17 541 (613)
27 354 (529)
90 120 (523)
33 346 (844)
72 183 (575)
38 362 (617)
39 368 (565)
32 472 (609)
120 132 (512)
39 419 (511)
17 956 (607)
21 793 (765)
33 515 (824)
419 665 (533)
21 857 (729)
69 285 (513)
350 803 (634)
290 969 (797)
21 918 (511)
390 722 (1042)
368 766 (504)
58 354 (643)
57 362 (538)
57 368 (568)
41 541 (589)
617 885 (632)
75 325 (500)
69 362 (757)
154 168 (574)
39 704 (1107)
90 309 (536)
862 944 (659)
32 947 (720)
52 598 (539)
39 825 (1187)
75 438 (772)
350 842 (601)
38 918 (506)
130 274 (544)
100 362 (595)
684 819 (800)
120 309 (502)
581 966 (624)
438 684 (825)
720 780 (587)
72 541 (846)
94 428 (508)
401 758 (604)
884 937 (594)
638 888 (529)
368 829 (1194)
888 935 (535)
346 888 (689)
90 510 (510)
70 684 (860)
349 888 (530)
496 626 (761)
487 638 (523)
597 960 (504)
735 780 (527)
494 631 (659)
471 663 (633)
529 591 (509)
54 944 (640)
75 684 (797)
105 494 (622)
392 801 (664)
57 918 (504)
460 684 (619)
419 752 (597)
70 765 (789)
57 937 (782)
663 871 (624)
54 998 (637)
510 620 (509)
71 766 (673)
529 598 (943)
158 354 (644)
348 912 (562)
90 620 (550)
704 825 (1102)
70 819 (798)
471 678 (810)
75 775 (787)
208 290 (803)
69 871 (515)
522 617 (622)
145 419 (631)
120 510 (542)
217 283 (926)
75 829 (510)
143 460 (555)
413 793 (766)
183 366 (616)
606 975 (682)
72 937 (628)
411 803 (826)
143 481 (558)
572 579 (601)
362 918 (532)
120 593 (642)
90 793 (519)
419 797 (622)
638 935 (513)
93 789 (538)
120 620 (511)
675 886 (823)
217 346 (1336)
888 969 (810)
494 682 (714)
214 354 (775)
392 862 (881)
120 638 (500)
354 956 (586)
116 673 (577)
883 978 (601)
541 631 (625)
368 937 (701)
631 963 (591)
132 638 (540)
411 842 (603)
217 394 (543)
105 815 (616)
661 923 (623)
185 471 (680)
227 390 (1049)
923 947 (859)
707 867 (504)
105 862 (616)
132 688 (580)
158 583 (639)
413 857 (731)
192 487 (517)
571 623 (783)
242 392 (524)
208 458 (796)
120 793 (547)
471 758 (694)
419 854 (519)
158 617 (637)
283 346 (910)
583 617 (631)
704 884 (540)
183 541 (529)
546 661 (610)
105 944 (626)
120 829 (575)
708 883 (609)
661 947 (637)
765 819 (787)
120 862 (665)
477 766 (525)
581 631 (580)
217 487 (546)
120 885 (507)
120 895 (685)
684 923 (514)
205 529 (554)
296 368 (634)
217 510 (547)
470 793 (581)
217 515 (843)
157 719 (519)
242 471 (685)
914 984 (546)
242 489 (526)
217 546 (599)
403 950 (541)
217 561 (519)
516 744 (678)
192 638 (529)
185 678 (664)
678 960 (669)
236 541 (510)
789 829 (1194)
143 919 (564)
290 458 (786)
175 766 (552)
461 862 (514)
448 887 (621)
279 489 (547)
177 775 (510)
183 766 (608)
494 815 (625)
510 793 (535)
217 661 (693)
350 411 (624)
458 888 (796)
283 515 (835)
175 834 (543)
471 871 (643)
814 829 (501)
529 782 (862)
803 842 (607)
795 853 (806)
793 857 (734)
944 998 (637)
538 780 (511)
175 910 (713)
774 883 (557)
450 937 (561)
460 919 (591)
368 438 (518)
438 966 (676)
460 923 (574)
227 722 (995)
494 862 (720)
798 862 (513)
801 862 (674)
177 947 (600)
708 978 (569)
368 460 (502)
354 480 (540)
335 509 (639)
192 888 (534)
487 888 (558)
368 470 (581)
197 878 (544)
229 758 (516)
210 829 (508)
494 883 (671)
529 829 (584)
185 960 (677)
346 515 (849)
815 862 (615)
494 893 (572)
192 935 (775)
481 919 (536)
392 461 (502)
368 494 (860)
458 969 (788)
242 758 (669)
401 460 (554)
208 888 (829)
471 960 (935)
309 620 (501)
392 489 (866)
571 795 (838)
217 888 (539)
487 935 (519)
569 801 (503)
346 561 (666)
368 529 (640)
597 766 (569)
236 829 (566)
746 966 (618)
572 803 (604)
350 572 (613)
217 923 (625)
793 914 (568)
825 879 (537)
208 969 (806)
631 735 (535)
350 579 (630)
579 803 (619)
494 944 (654)
214 956 (577)
217 947 (716)
598 782 (800)
470 995 (754)
354 583 (660)
538 878 (767)
675 701 (540)
766 960 (621)
279 766 (501)
494 963 (611)
509 937 (643)
354 617 (680)
572 842 (592)
460 481 (526)
349 634 (512)
392 569 (535)
674 720 (537)
571 853 (793)
579 842 (600)
236 956 (521)
569 862 (552)
401 571 (708)
240 956 (524)
853 883 (571)
788 956 (733)
620 793 (519)
631 780 (540)
623 795 (805)
411 572 (610)
561 888 (678)
411 579 (617)
368 653 (548)
448 538 (723)
546 923 (600)
419 581 (546)
580 871 (541)
854 899 (539)
309 793 (507)
296 829 (736)
815 944 (626)
862 895 (635)
487 510 (646)
285 871 (523)
593 862 (615)
470 534 (764)
368 682 (1193)
692 746 (578)
368 692 (928)
546 947 (608)
541 956 (570)
354 722 (566)
793 984 (656)
290 888 (826)
541 963 (590)
523 998 (561)
12 390 722 (629)
33 217 283 (793)
411 572 803 (567)
54 944 998 (578)
494 815 944 (553)
242 471 758 (607)
350 411 572 (565)
661 923 947 (591)
70 684 765 (695)
70 765 819 (698)
70 684 819 (700)
32 285 947 (609)
623 795 853 (720)
593 862 895 (573)
12 227 722 (609)
290 458 969 (748)
208 290 888 (764)
529 598 782 (737)
192 487 935 (500)
411 572 579 (560)
217 546 923 (576)
192 638 935 (504)
546 661 923 (592)
350 579 803 (565)
494 631 963 (546)
6 32 472 (545)
12 227 390 (607)
411 579 842 (568)
217 923 947 (583)
208 290 458 (751)
471 663 871 (568)
33 217 515 (789)
494 541 963 (549)
120 593 862 (572)
815 862 944 (552)
192 888 935 (505)
708 883 978 (542)
350 579 842 (562)
217 661 923 (584)
572 579 842 (558)
105 494 862 (549)
354 583 617 (586)
105 815 862 (547)
350 572 842 (561)
33 283 346 (802)
571 623 853 (713)
494 541 631 (554)
350 572 803 (563)
39 704 825 (1035)
411 579 803 (573)
217 346 515 (809)
471 678 960 (658)
158 583 617 (590)
120 862 895 (571)
290 458 888 (750)
208 458 969 (755)
185 678 960 (652)
350 572 579 (557)
296 368 829 (501)
33 283 515 (786)
208 290 969 (764)
350 411 842 (566)
158 354 617 (597)
4 373 716 (531)
217 546 661 (585)
105 494 944 (557)
411 572 842 (561)
21 793 857 (695)
75 438 684 (672)
33 346 515 (797)
217 546 947 (577)
411 803 842 (575)
290 888 969 (765)
572 579 803 (559)
571 795 853 (715)
208 458 888 (757)
105 494 815 (552)
684 765 819 (699)
346 561 888 (605)
185 471 678 (657)
470 534 995 (667)
572 803 842 (562)
208 888 969 (771)
350 803 842 (570)
546 661 947 (592)
350 411 803 (573)
579 803 842 (570)
21 413 793 (700)
392 801 862 (637)
120 593 895 (579)
541 631 963 (540)
494 815 862 (546)
158 354 583 (595)
105 862 944 (559)
571 623 795 (704)
546 923 947 (584)
21 413 857 (688)
33 217 346 (802)
105 815 944 (566)
185 471 960 (656)
217 283 515 (799)
227 390 722 (907)
413 793 857 (691)
458 888 969 (756)
368 494 682 (591)
217 661 947 (583)
494 862 944 (550)
217 283 346 (827)
350 411 579 (562)
283 346 515 (806)
411 572 803 842 (535)
208 290 888 969 (734)
120 593 862 895 (562)
208 290 458 969 (719)
21 413 793 857 (664)
411 572 579 803 (533)
290 458 888 969 (720)
350 572 579 842 (528)
350 411 579 803 (535)
33 283 346 515 (763)
411 579 803 842 (542)
33 217 346 515 (764)
217 546 923 947 (564)
105 494 862 944 (507)
350 411 572 803 (535)
571 623 795 853 (655)
217 546 661 923 (571)
217 283 346 515 (773)
185 471 678 960 (648)
350 579 803 842 (535)
546 661 923 947 (578)
12 227 390 722 (578)
350 411 579 842 (533)
105 494 815 862 (500)
350 411 572 842 (532)
208 458 888 969 (725)
494 541 631 963 (513)
33 217 283 515 (755)
158 354 583 617 (557)
105 494 815 944 (512)
33 217 283 346 (766)
217 661 923 947 (568)
350 572 579 803 (528)
105 815 862 944 (510)
350 572 803 842 (534)
350 411 803 842 (541)
217 546 661 947 (572)
572 579 803 842 (531)
494 815 862 944 (502)
411 572 579 842 (531)
350 411 572 579 (529)
70 684 765 819 (630)
208 290 458 888 (720)
411 572 579 803 842 (507)
33 217 283 346 515 (732)
350 411 572 579 842 (503)
350 411 579 803 842 (509)
350 411 572 579 803 (504)
217 546 661 923 947 (559)
350 411 572 803 842 (509)
350 572 579 803 842 (503)
208 290 458 888 969 (693)
